<?xml version="1.0"?>
<opencv_storage>
  <objsize_width>48</objsize_width>
  <objsize_height>128</objsize_height>
<round_0>
  <a>0.2887597084045410</a>
  <b>-0.9810674190521240</b>
  <th>5.0774049013853073e-003</th>
  <bestnode>4</bestnode>
  <featureNdx>1894</featureNdx></round_0>
<round_1>
  <a>0.5797584056854248</a>
  <b>-0.9536567926406860</b>
  <th>0.0262697227299213</th>
  <bestnode>4</bestnode>
  <featureNdx>1540</featureNdx></round_1>
<round_2>
  <a>1.0008614063262939</a>
  <b>-0.7674108147621155</b>
  <th>0.0192931555211544</th>
  <bestnode>4</bestnode>
  <featureNdx>480</featureNdx></round_2>
<round_3>
  <a>1.0079152584075928</a>
  <b>-0.8267272710800171</b>
  <th>4.1012996807694435e-003</th>
  <bestnode>4</bestnode>
  <featureNdx>2240</featureNdx></round_3>
<round_4>
  <a>0.8137046098709106</a>
  <b>-0.4184492826461792</b>
  <th>1.8002137076109648e-003</th>
  <bestnode>4</bestnode>
  <featureNdx>1894</featureNdx></round_4>
<round_5>
  <a>1.2469229698181152</a>
  <b>-0.8739191889762878</b>
  <th>0.0106262573972344</th>
  <bestnode>0</bestnode>
  <featureNdx>2140</featureNdx></round_5>
<round_6>
  <a>0.6602309942245483</a>
  <b>-0.4113467037677765</b>
  <th>1.2585278600454330e-003</th>
  <bestnode>4</bestnode>
  <featureNdx>929</featureNdx></round_6>
<round_7>
  <a>0.8267279863357544</a>
  <b>-0.6891425848007202</b>
  <th>9.8262727260589600e-004</th>
  <bestnode>4</bestnode>
  <featureNdx>1984</featureNdx></round_7>
<round_8>
  <a>0.6080324649810791</a>
  <b>-0.2771185338497162</b>
  <th>0.0444275774061680</th>
  <bestnode>4</bestnode>
  <featureNdx>76</featureNdx></round_8>
<round_9>
  <a>0.8846421241760254</a>
  <b>-0.5803105235099793</b>
  <th>6.1993566341698170e-003</th>
  <bestnode>3</bestnode>
  <featureNdx>1324</featureNdx></round_9>
<round_10>
  <a>0.7741860151290894</a>
  <b>-0.4535650908946991</b>
  <th>0.0434156209230423</th>
  <bestnode>0</bestnode>
  <featureNdx>2136</featureNdx></round_10>
<round_11>
  <a>0.6050024032592773</a>
  <b>-0.2068333178758621</b>
  <th>0.0108635434880853</th>
  <bestnode>4</bestnode>
  <featureNdx>518</featureNdx></round_11>
<round_12>
  <a>0.6208446621894836</a>
  <b>-0.4334000647068024</b>
  <th>-8.7163745774887502e-005</th>
  <bestnode>4</bestnode>
  <featureNdx>265</featureNdx></round_12>
<round_13>
  <a>0.8582109212875366</a>
  <b>-0.6259975433349609</b>
  <th>3.4685495775192976e-003</th>
  <bestnode>0</bestnode>
  <featureNdx>2244</featureNdx></round_13>
<round_14>
  <a>-0.8174275159835815</a>
  <b>0.1927058398723602</b>
  <th>0.0415701828896999</th>
  <bestnode>3</bestnode>
  <featureNdx>448</featureNdx></round_14>
<round_15>
  <a>-0.8634672164916992</a>
  <b>0.0666539072990417</b>
  <th>0.0343082025647163</th>
  <bestnode>4</bestnode>
  <featureNdx>2370</featureNdx></round_15>
<round_16>
  <a>0.7460826635360718</a>
  <b>-0.3969498872756958</b>
  <th>3.7024714983999729e-003</th>
  <bestnode>3</bestnode>
  <featureNdx>1973</featureNdx></round_16>
<round_17>
  <a>-0.8920067548751831</a>
  <b>0.6854521036148071</b>
  <th>-0.0900701209902763</th>
  <bestnode>0</bestnode>
  <featureNdx>2504</featureNdx></round_17>
<round_18>
  <a>0.8493235707283020</a>
  <b>-0.7562127709388733</b>
  <th>-0.0141426343470812</th>
  <bestnode>4</bestnode>
  <featureNdx>2394</featureNdx></round_18>
<round_19>
  <a>0.9575595855712891</a>
  <b>-0.1699618250131607</b>
  <th>8.3160502836108208e-003</th>
  <bestnode>3</bestnode>
  <featureNdx>1609</featureNdx></round_19>
<round_20>
  <a>0.9577307701110840</a>
  <b>-0.7315708398818970</b>
  <th>0.0118289962410927</th>
  <bestnode>3</bestnode>
  <featureNdx>1540</featureNdx></round_20>
<round_21>
  <a>0.6882925033569336</a>
  <b>-0.3957309722900391</b>
  <th>1.4874935150146484e-003</th>
  <bestnode>0</bestnode>
  <featureNdx>2133</featureNdx></round_21>
<round_22>
  <a>-0.7561112642288208</a>
  <b>0.2018603831529617</b>
  <th>2.2376847919076681e-003</th>
  <bestnode>0</bestnode>
  <featureNdx>386</featureNdx></round_22>
<round_23>
  <a>0.6378252506256104</a>
  <b>-0.3348373174667358</b>
  <th>6.4382599666714668e-003</th>
  <bestnode>3</bestnode>
  <featureNdx>1592</featureNdx></round_23>
<round_24>
  <a>-0.6790426373481751</a>
  <b>0.2483867406845093</b>
  <th>0.0528390407562256</th>
  <bestnode>3</bestnode>
  <featureNdx>976</featureNdx></round_24>
<round_25>
  <a>1.3069845438003540</a>
  <b>-0.9736511707305908</b>
  <th>0.2583248019218445</th>
  <bestnode>1</bestnode>
  <featureNdx>56</featureNdx></round_25>
<round_26>
  <a>0.5187519788742065</a>
  <b>-0.8970725536346436</b>
  <th>0.0897204726934433</th>
  <bestnode>1</bestnode>
  <featureNdx>1264</featureNdx></round_26>
<round_27>
  <a>0.7353821396827698</a>
  <b>-0.6819803118705750</b>
  <th>1.2903634924441576e-003</th>
  <bestnode>1</bestnode>
  <featureNdx>1429</featureNdx></round_27>
<round_28>
  <a>0.8464522361755371</a>
  <b>-0.5639021992683411</b>
  <th>0.0280681811273098</th>
  <bestnode>1</bestnode>
  <featureNdx>820</featureNdx></round_28>
<round_29>
  <a>0.9549252986907959</a>
  <b>-0.8160306215286255</b>
  <th>-0.0150831043720245</th>
  <bestnode>1</bestnode>
  <featureNdx>2416</featureNdx></round_29>
<round_30>
  <a>0.7083009481430054</a>
  <b>-0.3528841733932495</b>
  <th>6.8818946601822972e-005</th>
  <bestnode>1</bestnode>
  <featureNdx>2115</featureNdx></round_30>
<round_31>
  <a>1.1120420694351196</a>
  <b>-0.9999836683273315</b>
  <th>-0.0194521900266409</th>
  <bestnode>1</bestnode>
  <featureNdx>1036</featureNdx></round_31>
<round_32>
  <a>0.7826045751571655</a>
  <b>-0.2089718878269196</b>
  <th>2.6582791469991207e-003</th>
  <bestnode>1</bestnode>
  <featureNdx>179</featureNdx></round_32>
<round_33>
  <a>0.6167867183685303</a>
  <b>-0.3337282538414002</b>
  <th>1.6377745487261564e-004</th>
  <bestnode>1</bestnode>
  <featureNdx>1514</featureNdx></round_33>
<round_34>
  <a>0.6675103902816773</a>
  <b>-0.5975127816200256</b>
  <th>-1.5964804915711284e-003</th>
  <bestnode>6</bestnode>
  <featureNdx>1368</featureNdx></round_34>
<round_35>
  <a>-1.0339391231536865</a>
  <b>0.0564659275114536</b>
  <th>7.4206436984241009e-003</th>
  <bestnode>2</bestnode>
  <featureNdx>1925</featureNdx></round_35>
<round_36>
  <a>0.7565171718597412</a>
  <b>-0.6407559514045715</b>
  <th>-4.8016992514021695e-004</th>
  <bestnode>1</bestnode>
  <featureNdx>2273</featureNdx></round_36>
<round_37>
  <a>0.7169200181961060</a>
  <b>-0.6377204656600952</b>
  <th>-0.0434783734381199</th>
  <bestnode>2</bestnode>
  <featureNdx>1140</featureNdx></round_37>
<round_38>
  <a>0.8178431391716003</a>
  <b>-0.7475168704986572</b>
  <th>-0.0468008145689964</th>
  <bestnode>5</bestnode>
  <featureNdx>1780</featureNdx></round_38>
<round_39>
  <a>0.5938590168952942</a>
  <b>-0.2350480705499649</b>
  <th>2.3610666394233704e-003</th>
  <bestnode>1</bestnode>
  <featureNdx>1589</featureNdx></round_39>
<round_40>
  <a>-0.8345885872840881</a>
  <b>0.7204101085662842</b>
  <th>-0.0231984760612249</th>
  <bestnode>1</bestnode>
  <featureNdx>98</featureNdx></round_40>
<round_41>
  <a>-0.4753167629241943</a>
  <b>0.2551306486129761</b>
  <th>-2.3151945788413286e-003</th>
  <bestnode>5</bestnode>
  <featureNdx>1997</featureNdx></round_41>
<round_42>
  <a>0.8628569245338440</a>
  <b>-0.7314340472221375</b>
  <th>-5.0781277241185308e-004</th>
  <bestnode>1</bestnode>
  <featureNdx>2171</featureNdx></round_42>
<round_43>
  <a>0.9118286371231079</a>
  <b>-0.8217139244079590</b>
  <th>-6.8111419677734375e-003</th>
  <bestnode>1</bestnode>
  <featureNdx>237</featureNdx></round_43>
<round_44>
  <a>-0.9887821078300476</a>
  <b>0.0167609117925167</b>
  <th>2.9019324574619532e-003</th>
  <bestnode>2</bestnode>
  <featureNdx>1061</featureNdx></round_44>
